# Created by Octave 7.3.0, Thu Feb 23 15:34:50 2023 GMT <unknown@WLBCIOS9082700>
# name: mmp
# type: matrix
# rows: 1
# columns: 4
 -0.55312499999999998 -0.13981481481481481 0.5625 0.57499999999999996


