# Created by Octave 7.3.0, Sat Mar 25 22:52:23 2023 PDT <paul@jaro>
# name: mmp
# type: matrix
# rows: 1
# columns: 4
 0.00067340067340067344 0.033928571428571426 0.17542087542087542 0.42559523809523808


