# Created by Octave 7.3.0, Wed Mar 22 16:49:24 2023 GMT <unknown@WLBCIOS9082700>
# name: mmp
# type: matrix
# rows: 1
# columns: 4
 -0.47812500000000002 -0.25648148148148148 0.35208333333333336 0.43611111111111112


