# Created by Octave 8.1.0, Mon Mar 27 12:35:19 2023 GMT <unknown@WLBCIOS9082700>
# name: mmp
# type: matrix
# rows: 1
# columns: 4
 0.5776041666666667 0.26944444444444443 0.35208333333333336 0.42037037037037039


