# Created by Octave 8.1.0, Sat Mar 25 14:14:34 2023 GMT <unknown@WLBCIOS9082700>
# name: mmp
# type: matrix
# rows: 1
# columns: 4
 -0.46822916666666664 -0.2101851851851852 0.35208333333333336 0.41851851851851851


