# Created by Octave 8.1.0, Sat Mar 25 13:48:24 2023 GMT <unknown@WLBCIOS9082700>
# name: mmp
# type: matrix
# rows: 1
# columns: 4
 -0.47291666666666665 -0.029629629629629631 0.35208333333333336 0.41851851851851851


