# Created by Octave 7.3.0, Sun Mar 19 22:11:10 2023 PDT <paul@jaro>
# name: mmp
# type: matrix
# rows: 1
# columns: 4
 0.0067340067340067337 0.53214285714285714 0.31986531986531985 0.26785714285714285


