# Created by Octave 7.3.0, Mon Mar 13 16:08:59 2023 GMT <unknown@WLBCIOS9082700>
# name: mmp
# type: matrix
# rows: 1
# columns: 4
 -0.51093750000000004 0.3574074074074074 0.49895833333333334 0.36851851851851852


