# Created by Octave 7.3.0, Thu Mar 23 16:47:47 2023 GMT <unknown@WLBCIOS9082700>
# name: mmp
# type: matrix
# rows: 1
# columns: 4
 -0.49270833333333336 -0.21574074074074073 0.35208333333333336 0.37314814814814817


