# Created by Octave 7.3.0, Mon Mar 13 17:16:24 2023 GMT <unknown@WLBCIOS9082700>
# name: mmp
# type: matrix
# rows: 1
# columns: 4
 -0.55572916666666672 -0.21111111111111111 0.49895833333333334 0.36851851851851852


