# Created by Octave 7.3.0, Tue Feb 14 22:02:29 2023 PST <paul@jaro>
# name: mmp
# type: matrix
# rows: 1
# columns: 4
 0.66060606060606064 0.2369047619047619 0.31986531986531985 0.34999999999999998


