# Created by Octave 7.3.0, Mon Mar 20 13:09:47 2023 GMT <unknown@WLBCIOS9082700>
# name: mmp
# type: matrix
# rows: 1
# columns: 4
 -0.58385416666666667 -0.18703703703703703 0.5625 0.42407407407407405


