# Created by Octave 7.3.0, Tue Mar 21 15:38:43 2023 GMT <unknown@WLBCIOS9082700>
# name: mmp
# type: matrix
# rows: 1
# columns: 4
 -0.46250000000000002 -0.050925925925925923 0.35208333333333336 0.42499999999999999


