# Created by Octave 7.3.0, Tue Mar 21 16:08:11 2023 GMT <unknown@WLBCIOS9082700>
# name: mmp
# type: matrix
# rows: 1
# columns: 4
 -0.45677083333333335 0.19351851851851851 0.35208333333333336 0.42499999999999999


