# Created by Octave 7.3.0, Fri Mar 24 13:36:07 2023 GMT <unknown@WLBCIOS9082700>
# name: mmp
# type: matrix
# rows: 1
# columns: 4
 -0.47499999999999998 -0.072222222222222215 0.35208333333333336 0.38518518518518519


