# Created by Octave 7.3.0, Mon Feb 27 00:09:14 2023 PST <paul@jaro>
# name: mmp
# type: matrix
# rows: 1
# columns: 4
 0.015151515151515152 0.40833333333333333 0.31986531986531985 0.3613095238095238


