# Created by Octave 7.3.0, Sat Mar 18 22:57:59 2023 PDT <paul@jaro>
# name: mmp
# type: matrix
# rows: 1
# columns: 4
 0.021885521885521887 0.50119047619047619 0.31986531986531985 0.26785714285714285


