# Created by Octave 7.3.0, Fri Mar 24 00:22:02 2023 PDT <paul@jaro>
# name: mmp
# type: matrix
# rows: 1
# columns: 4
 0.00067340067340067344 0.044047619047619051 0.35218855218855216 0.38511904761904764


