# Created by Octave 7.3.0, Mon Mar 20 16:54:45 2023 GMT <unknown@WLBCIOS9082700>
# name: mmp
# type: matrix
# rows: 1
# columns: 4
 -0.5776041666666667 -0.22407407407407406 0.5625 0.42407407407407405


