# Created by Octave 7.3.0, Thu Feb 16 19:01:57 2023 PST <paul@jaro>
# name: mmp
# type: matrix
# rows: 1
# columns: 4
 0.021885521885521887 0.44523809523809521 0.31986531986531985 0.34999999999999998


