# Created by Octave 7.3.0, Wed Feb 22 23:34:06 2023 PST <paul@jaro>
# name: mmp
# type: matrix
# rows: 1
# columns: 4
 0.00067340067340067344 0.50178571428571428 0.35218855218855216 0.42559523809523808


