# Created by Octave 7.3.0, Fri Feb 17 16:12:44 2023 GMT <unknown@WLBCIOS9082700>
# name: mmp
# type: matrix
# rows: 1
# columns: 4
 0.14270833333333333 0.26851851851851855 0.31979166666666664 0.34999999999999998


