# Created by Octave 7.3.0, Thu Mar 09 15:33:08 2023 GMT <unknown@WLBCIOS9082700>
# name: mmp
# type: matrix
# rows: 1
# columns: 4
 0.014583333333333334 0.064814814814814811 0.49895833333333334 0.83703703703703702


