# Created by Octave 7.3.0, Thu Feb 23 12:51:10 2023 GMT <unknown@WLBCIOS9082700>
# name: mmp
# type: matrix
# rows: 1
# columns: 4
 -0.44947916666666665 -0.25185185185185183 0.35208333333333336 0.42592592592592593


