# Created by Octave 7.3.0, Thu Mar 16 16:16:10 2023 GMT <unknown@WLBCIOS9082700>
# name: mmp
# type: matrix
# rows: 1
# columns: 4
 0.00052083333333333333 0.069444444444444448 0.49895833333333334 0.45277777777777778


