# Created by Octave 7.3.0, Tue Feb 21 17:00:34 2023 GMT <unknown@WLBCIOS9082700>
# name: mmp
# type: matrix
# rows: 1
# columns: 4
 -0.47031250000000002 0.16111111111111112 0.35208333333333336 0.42314814814814816


