# Created by Octave 7.3.0, Tue Feb 28 16:33:48 2023 GMT <unknown@WLBCIOS9082700>
# name: mmp
# type: matrix
# rows: 1
# columns: 4
 0.12864583333333332 0.37962962962962965 0.31979166666666664 0.3611111111111111


