# Created by Octave 7.3.0, Thu Mar 23 12:09:43 2023 GMT <unknown@WLBCIOS9082700>
# name: mmp
# type: matrix
# rows: 1
# columns: 4
 0.096875000000000003 0.30648148148148147 0.35208333333333336 0.42499999999999999


