# Created by Octave 7.3.0, Fri Mar 24 14:26:09 2023 GMT <unknown@WLBCIOS9082700>
# name: mmp
# type: matrix
# rows: 1
# columns: 4
 -0.46875 -0.18518518518518517 0.35208333333333336 0.38518518518518519


