# Created by Octave 7.3.0, Thu Feb 16 01:02:39 2023 PST <paul@jaro>
# name: mmp
# type: matrix
# rows: 1
# columns: 4
 0.56262626262626259 0.28035714285714286 0.31986531986531985 0.34999999999999998


