# Created by Octave 7.3.0, Fri Feb 17 23:47:20 2023 PST <paul@jaro>
# name: mmp
# type: matrix
# rows: 1
# columns: 4
 0.00067340067340067344 0.52380952380952384 0.35218855218855216 0.4244047619047619


