# Created by Octave 7.3.0, Fri Mar 24 16:12:50 2023 GMT <unknown@WLBCIOS9082700>
# name: mmp
# type: matrix
# rows: 1
# columns: 4
 -0.46979166666666666 -0.090740740740740747 0.35208333333333336 0.38518518518518519


