# Created by Octave 7.3.0, Sun Mar 19 13:34:34 2023 GMT <unknown@WLBCIOS9082700>
# name: mmp
# type: matrix
# rows: 1
# columns: 4
 -0.48645833333333333 0.36574074074074076 0.31979166666666664 0.2675925925925926


