# Created by Octave 8.1.0, Mon Mar 27 14:57:56 2023 GMT <unknown@WLBCIOS9082700>
# name: mmp
# type: matrix
# rows: 1
# columns: 4
 -0.48333333333333334 -0.20277777777777778 0.35208333333333336 0.42037037037037039


