# Created by Octave 7.3.0, Fri Mar 17 17:44:20 2023 GMT <unknown@WLBCIOS9082700>
# name: mmp
# type: matrix
# rows: 1
# columns: 4
 -0.53385416666666663 -0.058333333333333334 0.49895833333333334 0.3925925925925926


