# Created by Octave 8.1.0, Tue Mar 28 12:58:36 2023 GMT <unknown@WLBCIOS9082700>
# name: mmp
# type: matrix
# rows: 1
# columns: 4
 -0.48229166666666667 -0.21481481481481482 0.35208333333333336 0.41944444444444445


