# Created by Octave 8.1.0, Tue Mar 28 13:46:21 2023 GMT <unknown@WLBCIOS9082700>
# name: mmp
# type: matrix
# rows: 1
# columns: 4
 -0.49114583333333334 -0.18055555555555555 0.35208333333333336 0.44537037037037036


