# Created by Octave 7.3.0, Wed Mar 15 17:30:02 2023 GMT <unknown@WLBCIOS9082700>
# name: mmp
# type: matrix
# rows: 1
# columns: 4
 -0.53489583333333335 0.4861111111111111 0.49895833333333334 0.45277777777777778


