# Created by Octave 7.3.0, Tue Mar 14 16:42:48 2023 GMT <unknown@WLBCIOS9082700>
# name: mmp
# type: matrix
# rows: 1
# columns: 4
 -0.53281250000000002 -0.050925925925925923 0.49895833333333334 0.41944444444444445


