# Created by Octave 7.3.0, Fri Feb 24 12:43:08 2023 GMT <unknown@WLBCIOS9082700>
# name: mmp
# type: matrix
# rows: 1
# columns: 4
 -0.5630208333333333 0.50092592592592589 0.5625 0.57499999999999996


