# Created by Octave 7.3.0, Tue Mar 21 12:52:50 2023 GMT <unknown@WLBCIOS9082700>
# name: mmp
# type: matrix
# rows: 1
# columns: 4
 -0.46770833333333334 -0.19907407407407407 0.35208333333333336 0.42499999999999999


