# Created by Octave 7.3.0, Wed Feb 22 14:53:30 2023 GMT <unknown@WLBCIOS9082700>
# name: mmp
# type: matrix
# rows: 1
# columns: 4
 0.21249999999999999 0.26018518518518519 0.35208333333333336 0.48518518518518516


