# Created by Octave 7.3.0, Fri Mar 10 17:10:07 2023 GMT <unknown@WLBCIOS9082700>
# name: mmp
# type: matrix
# rows: 1
# columns: 4
 -0.5229166666666667 0.27037037037037037 0.49895833333333334 0.36851851851851852


