# Created by Octave 7.3.0, Sun Mar 19 15:11:21 2023 GMT <unknown@WLBCIOS9082700>
# name: mmp
# type: matrix
# rows: 1
# columns: 4
 -0.44843749999999999 -0.012962962962962963 0.31979166666666664 0.2675925925925926


