# Created by Octave 7.3.0, Mon Mar 20 22:10:39 2023 PDT <paul@jaro>
# name: mmp
# type: matrix
# rows: 1
# columns: 4
 0.00067340067340067344 0.033928571428571426 0.35218855218855216 0.42559523809523808


