# Created by Octave 7.3.0, Sat Mar 18 16:55:17 2023 GMT <unknown@WLBCIOS9082700>
# name: mmp
# type: matrix
# rows: 1
# columns: 4
 -0.47291666666666665 0.46574074074074073 0.31979166666666664 0.2675925925925926


