# Created by Octave 7.3.0, Tue Feb 21 23:08:32 2023 PST <paul@jaro>
# name: mmp
# type: matrix
# rows: 1
# columns: 4
 0.00067340067340067344 -0.018452380952380953 0.35218855218855216 0.48511904761904762


