# Created by Octave 8.1.0, Mon Mar 27 16:51:36 2023 GMT <unknown@WLBCIOS9082700>
# name: mmp
# type: matrix
# rows: 1
# columns: 4
 -0.54010416666666672 -0.22685185185185186 0.35208333333333336 0.42037037037037039


