# Created by Octave 7.3.0, Wed Mar 15 15:16:36 2023 GMT <unknown@WLBCIOS9082700>
# name: mmp
# type: matrix
# rows: 1
# columns: 4
 -0.5307291666666667 0.38425925925925924 0.49895833333333334 0.45277777777777778


