# Created by Octave 7.3.0, Sat Mar 25 00:57:33 2023 PDT <paul@jaro>
# name: mmp
# type: matrix
# rows: 1
# columns: 4
 -0.017845117845117844 0.14464285714285716 0.35218855218855216 0.38511904761904764


