# Created by Octave 7.3.0, Fri Mar 17 15:38:13 2023 GMT <unknown@WLBCIOS9082700>
# name: mmp
# type: matrix
# rows: 1
# columns: 4
 -0.55364583333333328 -0.17499999999999999 0.49895833333333334 0.45277777777777778


