# Created by Octave 7.3.0, Fri Mar 24 23:45:52 2023 PDT <paul@jaro>
# name: mmp
# type: matrix
# rows: 1
# columns: 4
 -0.46979166666666666 -0.090740740740740747 0.35208333333333336 0.38518518518518519


