# Created by Octave 7.3.0, Thu Feb 16 14:35:53 2023 GMT <unknown@WLBCIOS9082700>
# name: mmp
# type: matrix
# rows: 1
# columns: 4
 0.1484375 0.32407407407407407 0.31979166666666664 0.34999999999999998


