# Created by Octave 7.3.0, Thu Feb 16 00:45:18 2023 PST <paul@jaro>
# name: mmp
# type: matrix
# rows: 1
# columns: 4
 0.018518518518518517 0.28452380952380951 0.31986531986531985 0.34999999999999998


