# Created by Octave 7.3.0, Thu Mar 23 12:08:34 2023 GMT <unknown@WLBCIOS9082700>
# name: U
# type: global matrix
# rows: 0
# columns: 0


# name: V
# type: global matrix
# rows: 0
# columns: 0


# name: W
# type: global matrix
# rows: 0
# columns: 0


# name: z
# type: global matrix
# rows: 0
# columns: 0


# name: rho
# type: global matrix
# rows: 0
# columns: 0


# name: time
# type: global matrix
# rows: 0
# columns: 0


# name: H
# type: global matrix
# rows: 4
# columns: 11
 0.96999999999999997 0.050000000000000003 0.050000000000000003 0.96999999999999997 0.050000000000000003 0.059999999999999998 0.96999999999999997 0.040000000000000001 5 0.080000000000000002 0.040000000000000001
 0 0.025000000000000001 0.025000000000000001 0 0.025000000000000001 0.050000000000000003 0 0.029999999999999999 0.025000000000000001 0.029999999999999999 0.029999999999999999
 0.85999999999999999 0 0 0.85999999999999999 0 0 0.85999999999999999 0 0 0 0
 2 2 2 2 2 2 2 2 1 2 2


# name: B
# type: global matrix
# rows: 1
# columns: 11
 190 -0.313 -0.313 190 -0.313 -0.66600000000000004 190 -0.19400000000000001 0.036999999999999998 -1.5660000000000001 -0.19400000000000001


# name: Cd
# type: global matrix
# rows: 1
# columns: 11
 0.65000000000000002 1.3 1.3 0.65000000000000002 1.3 1.3 0.65000000000000002 1.3 1.3 1.3 1.3


# name: ME
# type: global matrix
# rows: 1
# columns: 11
 Inf Inf Inf Inf Inf Inf Inf Inf 345000000 Inf Inf


# name: moorele
# type: global sq_string
# elements: 11
# length: 30
AF44↑ w WH150+SBE37 ODO     
# length: 30
1/2" Shackle                  
# length: 30
1/2" Shackle                  
# length: 30
MillerC3                      
# length: 30
1/2" Shackle                  
# length: 30
5/8" Shackle                  
# length: 30
AR861 B2S                     
# length: 30
Drop Link                     
# length: 30
1" Polysteel                  
# length: 30
7/8" Shackle                  
# length: 30
1" Chain                      


# name: all_list
# type: global string
# elements: 26
# length: 64
Interocean 34                   190.000  97.0   0.0  86.0 0.65 1
# length: 64
Test float                      190.000  97.0   0.0  86.0 0.65 1
# length: 64
Test2as sadff dfdf              290.000  97.0   0.0  86.0 0.65 1
# length: 64
AF44↑ w WH150+SBE37 ODO       190.000  97.0   0.0  86.0 0.65 1
# length: 64
AR861 B2S                       190.000  97.0   0.0  86.0 0.65 1
# length: 64
MillerC3                        190.000  97.0   0.0  86.0 0.65 1
# length: 64
3/4" Poly                         0.002 100.0   1.9   0.0 1.30 4
# length: 64
1" RP12 UB                        0.032 100.0   2.5   0.0 1.30 4
# length: 64
1" RP12 Nylon                    -0.039 100.0   2.5   0.0 1.30 2
# length: 64
7/8" RP12 Nylon                  -0.033 100.0   2.2   0.0 1.30 2
# length: 64
1" Polysteel                      0.037 100.0   2.5   0.0 1.30 4
# length: 64
3/4" Nylon                       -0.027 100.0   1.9   0.0 1.30 2
# length: 64
1/4" Amsteel                      0.001 100.0   0.7   0.0 1.30 3
# length: 64
5 mm Dynice Dux                   0.001 100.0   0.5   0.0 1.30 8
# length: 64
1/4" Tenex                       -0.008 100.0   0.7   0.0 1.30 3
# length: 64
7/16" Shackle                    -0.194   4.0   3.0   0.0 1.30 1
# length: 64
1/2" Shackle                     -0.313   5.0   2.5   0.0 1.30 1
# length: 64
5/8" Shackle                     -0.666   6.0   5.0   0.0 1.30 1
# length: 64
3/4" Shackle                     -1.079   7.0   2.5   0.0 1.30 1
# length: 64
7/8" Shackle                     -1.566   8.0   3.0   0.0 1.30 1
# length: 64
1" Shackle                       -2.245  10.0   3.0   0.0 1.30 1
# length: 64
1/2" Sling Link                  -0.218   8.0   3.0   0.0 1.30 1
# length: 64
5/8" Sling Link                  -0.420  10.0   5.0   0.0 1.30 1
# length: 64
1" Chain                         -0.194   4.0   3.0   0.0 1.30 1
# length: 64
Drop Link                        -0.194   4.0   3.0   0.0 1.30 1
# length: 64
1 Railway Wheel                -350.000  15.0 100.0   0.0 1.30 1


