# Created by Octave 8.1.0, Tue Apr 18 23:46:40 2023 PDT <paul@jaro>
# name: U
# type: global matrix
# rows: 3
# columns: 1
 1
 0.5
 0


# name: V
# type: global matrix
# rows: 3
# columns: 1
 0
 0
 0


# name: W
# type: global matrix
# rows: 3
# columns: 1
 0
 0
 0


# name: z
# type: global matrix
# rows: 1
# columns: 3
 30 10 0


# name: rho
# type: global matrix
# rows: 1
# columns: 3
 1024 1025 1026


# name: time
# type: global matrix
# rows: 0
# columns: 0


# name: H
# type: global matrix
# rows: 4
# columns: 3
 0.59999999999999998 60 0
 0 0.019 0
 0.43200000000000005 0 0
 0 1 0


# name: B
# type: global matrix
# rows: 1
# columns: 3
 23 0.002 -1500


# name: Wt
# type: global matrix
# rows: 1
# columns: 3
 10 0 0


# name: Cd
# type: global matrix
# rows: 1
# columns: 3
 1 1.3 0


# name: ME
# type: global matrix
# rows: 1
# columns: 3
 Inf 345000000 Inf


# name: moorele
# type: global sq_string
# elements: 3
# length: 30
SG-17                         
# length: 30
3/4" Poly                     
# length: 30
Anchor                        


