# Created by Octave 7.3.0, Fri Feb 24 12:39:34 2023 GMT <unknown@WLBCIOS9082700>
# name: U
# type: global matrix
# rows: 3
# columns: 1
 0.5
 0.20000000000000001
 0


# name: V
# type: global matrix
# rows: 3
# columns: 1
 0.45000000000000001
 0.34999999999999998
 0


# name: W
# type: global matrix
# rows: 3
# columns: 1
 0
 0
 0


# name: z
# type: global matrix
# rows: 1
# columns: 3
 130 10 0


# name: rho
# type: global matrix
# rows: 1
# columns: 3
 1024 1025.7857142857142 1026


# name: time
# type: global matrix
# rows: 0
# columns: 0


# name: H
# type: global matrix
# rows: 4
# columns: 19
 0.93999999999999995 0.080000000000000002 40 1.5 0.080000000000000002 80 0.12 1.5 0.12 0.55000000000000004 0.080000000000000002 5 0.080000000000000002 0.14000000000000001 0.080000000000000002 0.93999999999999995 0.065000000000000002 5 0.34999999999999998
 0 0.025000000000000001 0.0090000000000000011 0 0.025000000000000001 0.0090000000000000011 0.025000000000000001 0 0.025000000000000001 0.128 0.025000000000000001 0.0090000000000000011 0.025000000000000001 0.050000000000000003 0.025000000000000001 0.13 0.050000000000000003 0.040000000000000001 1
 0.93999999999999995 0 0 0.59999999999999998 0 0 0 0.59999999999999998 0 0 0 0 0 0 0 0 0 0 0
 0 2 1 0 2 1 2 0 2 0 2 1 2 2 2 0 2 1 0


# name: B
# type: global matrix
# rows: 1
# columns: 19
 300 -0.29999999999999999 -0.33000000000000002 56 -0.29999999999999999 -0.33000000000000002 -0.42499999999999999 56 -0.42499999999999999 -18.300000000000001 -0.29999999999999999 -0.33000000000000002 -0.29999999999999999 -0.65000000000000002 -0.29999999999999999 -28 -0.65000000000000002 -13 915


# name: Cd
# type: global matrix
# rows: 1
# columns: 19
 0.65000000000000002 1.3 1.3 0.59999999999999998 1.3 1.3 1.3 0.59999999999999998 1.3 1.3 1.3 1.3 1.3 1.3 1.3 1.3 1.3 1.3 1.3


# name: ME
# type: global matrix
# rows: 1
# columns: 19
 Inf Inf 138000000000 Inf Inf 138000000000 Inf Inf Inf Inf Inf 138000000000 Inf Inf Inf Inf Inf 138000000000 Inf


# name: moorele
# type: global sq_string
# elements: 19
# length: 16
37in ORE        
# length: 16
1/2 shackle     
# length: 16
3/8 wire rope   
# length: 16
Trpl 16 in Viny 
# length: 16
1/2 shackle     
# length: 16
3/8 wire rope   
# length: 16
1/2 shac+3/8shac
# length: 16
Trpl 16 in Viny 
# length: 16
1/2 shac+3/8shac
# length: 16
Aanderaa RCM-7  
# length: 16
1/2 shackle     
# length: 16
3/8 wire rope   
# length: 16
1/2 shackle     
# length: 16
1/2 swivel      
# length: 16
1/2 shackle     
# length: 16
EG&G 8242       
# length: 16
5/8 shackle     
# length: 16
1 chain SL      
# length: 16
2 Railway Wheels


