# Created by Octave 7.3.0, Tue Mar 21 14:20:24 2023 GMT <unknown@WLBCIOS9082700>
# name: U
# type: global matrix
# rows: 0
# columns: 0


# name: V
# type: global matrix
# rows: 0
# columns: 0


# name: W
# type: global matrix
# rows: 0
# columns: 0


# name: z
# type: global matrix
# rows: 0
# columns: 0


# name: rho
# type: global matrix
# rows: 0
# columns: 0


# name: time
# type: global matrix
# rows: 0
# columns: 0


# name: H
# type: global matrix
# rows: 4
# columns: 7
 0.96999999999999997 0.050000000000000003 0.050000000000000003 0.050000000000000003 0.059999999999999998 5 0.080000000000000002
 0 0.025000000000000001 0.025000000000000001 0.025000000000000001 0.050000000000000003 0.025000000000000001 0.029999999999999999
 0.85999999999999999 0 0 0 0 0 0
 0 0 0 0 0 1 2


# name: B
# type: global matrix
# rows: 1
# columns: 7
 190 -0.313 -0.313 -0.313 -0.66600000000000004 0.036999999999999998 -1.5660000000000001


# name: Cd
# type: global matrix
# rows: 1
# columns: 7
 0.65000000000000002 1.3 1.3 1.3 1.3 1.3 1.3


# name: ME
# type: global matrix
# rows: 1
# columns: 7
 Inf Inf Inf Inf Inf 345000000 Inf


# name: moorele
# type: global sq_string
# elements: 7
# length: 30
AF44↑ w WH150+SBE37 ODO     
# length: 30
1/2" Shackle                  
# length: 30
1/2" Shackle                  
# length: 30
1/2" Shackle                  
# length: 30
5/8" Shackle                  
# length: 30
1" Polysteel                  
# length: 30
7/8" Shackle                  


