# Created by Octave 7.3.0, Sat Mar 18 16:01:12 2023 GMT <unknown@WLBCIOS9082700>
# name: acrels
# type: global sq_string
# elements: 0


# name: cms
# type: global sq_string
# elements: 0


# name: format
# type: global matrix
# rows: 7
# columns: 2
 1 30
 32 39
 42 45
 48 51
 53 57
 59 62
 64 64

# name: miscs
# type: global sq_string
# elements: 0


# name: anchors
# type: global sq_string
# elements: 1
# length: 64
1 Railway Wheel                -350.000  15.0 100.0   0.0 1.30 1

# name: chains
# type: global sq_string
# elements: 8
# length: 64
7/16" Shackle                    -0.194   4.0   3.0   0.0 1.30 1
# length: 64
1/2" Shackle                     -0.313   5.0   2.5   0.0 1.30 1
# length: 64
5/8" Shackle                     -0.666   6.0   5.0   0.0 1.30 1
# length: 64
3/4" Shackle                     -1.079   7.0   2.5   0.0 1.30 1
# length: 64
7/8" Shackle                     -1.566   8.0   3.0   0.0 1.30 1
# length: 64
1" Shackle                       -2.245  10.0   3.0   0.0 1.30 1
# length: 64
1/2" Sling Link                  -0.218   8.0   3.0   0.0 1.30 1
# length: 64
5/8" Sling Link                  -0.420  10.0   5.0   0.0 1.30 1


# name: floats
# type: global sq_string
# elements: 1
# length: 64
Interocean 34                   190.000  97.0   0.0  86.0 0.65 1


# name: wires
# type: global sq_string
# elements: 0


