# Created by Octave 7.3.0, Tue Feb 14 21:53:17 2023 PST <paul@jaro>
# name: U
# type: global matrix
# rows: 0
# columns: 0


# name: V
# type: global matrix
# rows: 0
# columns: 0


# name: W
# type: global matrix
# rows: 0
# columns: 0


# name: z
# type: global matrix
# rows: 0
# columns: 0


# name: rho
# type: global matrix
# rows: 0
# columns: 0


# name: time
# type: global matrix
# rows: 0
# columns: 0


# name: H
# type: global matrix
# rows: 4
# columns: 53
 1.8 0.080000000000000002 0.080000000000000002 0.90000000000000002 0.080000000000000002 0.001 0.040000000000000001 23.989999999999998 0.040000000000000001 0.080000000000000002 1.5 0.080000000000000002 0.080000000000000002 1.3 0.080000000000000002 0.080000000000000002 0.059999999999999998 0.080000000000000002 0.001 0.040000000000000001 27.489999999999998 0.040000000000000001 0.080000000000000002 0.76000000000000001 0.080000000000000002 1.3 0.080000000000000002 0.080000000000000002 1.3 0.080000000000000002 0.080000000000000002 1.1000000000000001 0.080000000000000002 0.080000000000000002 0.14999999999999999 0.080000000000000002 0.001 0.040000000000000001 73.599999999999994 0.040000000000000001 0.080000000000000002 2.1299999999999999 0.080000000000000002 0.080000000000000002 0.14999999999999999 0.080000000000000002 0.065000000000000002 0.75 0.080000000000000002 5 0.080000000000000002 2 0.69999999999999996
 0.29999999999999999 0.025000000000000001 0.025000000000000001 0.080000000000000002 0.025000000000000001 0.029999999999999999 0.029999999999999999 0.0069999999999999993 0.029999999999999999 0.025000000000000001 0 0.025000000000000001 0.025000000000000001 0.20000000000000001 0.025000000000000001 0.025000000000000001 0.025000000000000001 0.025000000000000001 0.029999999999999999 0.029999999999999999 0.016 0.029999999999999999 0.025000000000000001 0 0.025000000000000001 0.20000000000000001 0.025000000000000001 0.025000000000000001 0.20000000000000001 0.025000000000000001 0.025000000000000001 0.14999999999999999 0.025000000000000001 0.025000000000000001 0.050000000000000003 0.025000000000000001 0.029999999999999999 0.029999999999999999 0.0080000000000000002 0.029999999999999999 0.025000000000000001 0 0.025000000000000001 0.025000000000000001 0.050000000000000003 0.025000000000000001 0.050000000000000003 0.13 0.029999999999999999 0.025000000000000001 0.029999999999999999 0.050000000000000003 1
 0 0 0 0 0 0 0 0 0 0 0.91000000000000003 0 0 0 0 0 0 0 0 0 0 0 0 0.76000000000000001 0 0 0 0 0 0 0 0.29999999999999999 0 0 0 0 0 0 0 0 0 1.1200000000000001 0 0 0 0 0 0 0 0 0 0 0
 0 2 2 0 2 2 2 1 2 2 0 2 2 0 2 2 2 2 2 2 1 2 2 0 2 0 2 2 0 2 2 0 2 2 2 2 2 2 1 2 2 0 2 2 2 2 2 0 2 1 2 1 0


# name: B
# type: global matrix
# rows: 1
# columns: 53
 83 -0.29999999999999999 -0.29999999999999999 -2 -0.29999999999999999 -0.22 -0.19 -0.0089999999999999993 -0.19 -0.29999999999999999 155.5 -0.29999999999999999 -0.29999999999999999 -11.800000000000001 -0.29999999999999999 -0.29999999999999999 -0.88 -0.29999999999999999 -0.22 -0.19 0.0089999999999999993 -0.19 -0.29999999999999999 160 -0.29999999999999999 -11.800000000000001 -0.29999999999999999 -0.29999999999999999 -11.800000000000001 -0.29999999999999999 -0.29999999999999999 -10.5 -0.29999999999999999 -0.29999999999999999 -1 -0.29999999999999999 -0.22 -0.19 -0.0089999999999999993 -0.19 -0.29999999999999999 283 -0.29999999999999999 -0.29999999999999999 -1 -0.29999999999999999 -0.65000000000000002 -22 -2.2000000000000002 0.040000000000000001 -2.2000000000000002 -12.25 -1400


# name: Cd
# type: global matrix
# rows: 1
# columns: 53
 1 1.3 1.3 1.3 1.3 1.3 1.3 1.3 1.3 1.3 0.65000000000000002 1.3 1.3 1.3 1.3 1.3 1.3 1.3 1.3 1.3 1.3 1.3 1.3 0.65000000000000002 1.3 1.3 1.3 1.3 1.3 1.3 1.3 1.3 1.3 1.3 1.3 1.3 1.3 1.3 1.3 1.3 1.3 0.65000000000000002 1.3 1.3 1.3 1.3 1.3 1.3 1.3 1.3 1.3 1.3 1.3


# name: ME
# type: global matrix
# rows: 1
# columns: 53
 Inf Inf Inf Inf Inf Inf Inf 800000000 Inf Inf Inf Inf Inf Inf Inf Inf Inf Inf Inf Inf 800000000 Inf Inf Inf Inf Inf Inf Inf Inf Inf Inf Inf Inf Inf Inf Inf Inf Inf 69000000000 Inf Inf Inf Inf Inf Inf Inf Inf Inf Inf 345000000 Inf 138000000000 Inf


# name: moorele
# type: global sq_string
# elements: 53
# length: 16
Quad Viny       
# length: 16
1/2 shackle     
# length: 16
1/2 shackle     
# length: 16
SBE37 in frame  
# length: 16
1/2 shackle     
# length: 16
1/2" sling      
# length: 16
7/16" Shackle   
# length: 16
1/4" Tenex      
# length: 16
7/16" Shackle   
# length: 16
1/2 shackle     
# length: 16
AF36+Workhorse  
# length: 16
1/2 shackle     
# length: 16
1/2 shackle     
# length: 16
SM2M+           
# length: 16
1/2 shackle     
# length: 16
1/2 shackle     
# length: 16
3/4" shackle    
# length: 16
1/2 shackle     
# length: 16
1/2" sling      
# length: 16
7/16" Shackle   
# length: 16
5/8 AmSteel-Blue
# length: 16
7/16" Shackle   
# length: 16
1/2 shackle     
# length: 16
30in float      
# length: 16
1/2 shackle     
# length: 16
SM2M+           
# length: 16
1/2 shackle     
# length: 16
1/2 shackle     
# length: 16
SM2M+           
# length: 16
1/2 shackle     
# length: 16
1/2 shackle     
# length: 16
AQD+SBE37 in fra
# length: 16
1/2 shackle     
# length: 16
1/2 shackle     
# length: 16
Swivel          
# length: 16
1/2 shackle     
# length: 16
1/2" sling      
# length: 16
7/16" Shackle   
# length: 16
5/16 Amsteel II 
# length: 16
7/16" Shackle   
# length: 16
1/2 shackle     
# length: 16
AF44+LonRanger  
# length: 16
1/2 shackle     
# length: 16
1/2 shackle     
# length: 16
Swivel          
# length: 16
1/2 shackle     
# length: 16
5/8 shackle     
# length: 16
Oceano AR861    
# length: 16
1" shackle      
# length: 16
1" Polysteel    
# length: 16
1" shackle      
# length: 16
1" buoy chain   
# length: 16
4 Railway Wheels


