# Created by Octave 7.3.0, Wed Mar 08 16:36:32 2023 GMT <unknown@WLBCIOS9082700>
# name: U
# type: global matrix
# rows: 3
# columns: 1
 20
 5
 0


# name: V
# type: global matrix
# rows: 3
# columns: 1
 0
 0
 0


# name: W
# type: global matrix
# rows: 3
# columns: 1
 0
 0
 0


# name: z
# type: global matrix
# rows: 1
# columns: 3
 97 16 0


# name: rho
# type: global matrix
# rows: 3
# columns: 1
 1024
 1025
 1026


# name: time
# type: global matrix
# rows: 0
# columns: 0


# name: H
# type: global matrix
# rows: 4
# columns: 3
 1.234 55 0.34999999999999998
 0 0.0080000000000000002 1
 1.234 0 0
 0 1 0


# name: B
# type: global matrix
# rows: 1
# columns: 3
 620 -0.014 -700


# name: Cd
# type: global matrix
# rows: 1
# columns: 3
 0.65000000000000002 1.3 1.3


# name: ME
# type: global matrix
# rows: 1
# columns: 3
 Inf 69000000000 Inf


# name: moorele
# type: global sq_string
# elements: 3
# length: 16
48in ORE        
# length: 16
5/16 Kevlar     
# length: 16
2 Railway Wheels


