# Created by Octave 7.3.0, Sat Mar 18 14:57:22 2023 GMT <unknown@WLBCIOS9082700>
# name: acrels
# type: global sq_string
# elements: 0


# name: cms
# type: global sq_string
# elements: 0


# name: format
# type: global matrix
# rows: 0
# columns: 0


# name: miscs
# type: global sq_string
# elements: 0


# name: anchors
# type: global sq_string
# elements: 0


# name: chains
# type: global sq_string
# elements: 8
# length: 64
7/16" Shackle                    -0.194  0.04   3.0   0.0 1.30 1
# length: 64
1/2" Shackle                     -0.313  0.05   2.5   0.0 1.30 1
# length: 64
5/8" Shackle                     -0.666  0.06   5.0   0.0 1.30 1
# length: 64
3/4" Shackle                     -1.079  0.07   2.5   0.0 1.30 1
# length: 64
7/8" Shackle                     -1.566  0.08   3.0   0.0 1.30 1
# length: 64
1" Shackle                       -2.245  0.10   3.0   0.0 1.30 1
# length: 64
1/2" Sling Link                  -0.218  0.08   3.0   0.0 1.30 1
# length: 64
5/8" Sling Link                  -0.420  0.10   5.0   0.0 1.30 1


# name: floats
# type: global sq_string
# elements: 0


# name: wires
# type: global sq_string
# elements: 0


