# Created by Octave 7.3.0, Fri Mar 17 09:42:11 2023 GMT <unknown@WLBCIOS9082700>
# name: testvar
# type: global sq_string 
# elements: 0 
# columns: 0


