# Created by Octave 7.3.0, Tue Mar 07 17:02:34 2023 GMT <unknown@WLBCIOS9082700>
# name: c
# type: cell
# rows: 18
# columns: 7
# name: <cell-element>
# type: sq_string
# elements: 1
# length: 7
Chat3-4


# name: <cell-element>
# type: scalar
160


# name: <cell-element>
# type: matrix
# rows: 0
# columns: 0


# name: <cell-element>
# type: matrix
# rows: 0
# columns: 0


# name: <cell-element>
# type: matrix
# rows: 0
# columns: 0


# name: <cell-element>
# type: matrix
# rows: 0
# columns: 0


# name: <cell-element>
# type: sq_string
# elements: 1
# length: 25
AF44↑ w WH150+SBE37 ODO


# name: <cell-element>
# type: sq_string
# elements: 1
# length: 12
1/2" Shackle


# name: <cell-element>
# type: sq_string
# elements: 1
# length: 12
1/2" Shackle


# name: <cell-element>
# type: sq_string
# elements: 1
# length: 8
MillerC3


# name: <cell-element>
# type: sq_string
# elements: 1
# length: 12
1/2" Shackle


# name: <cell-element>
# type: sq_string
# elements: 1
# length: 12
5/8" Shackle


# name: <cell-element>
# type: sq_string
# elements: 1
# length: 9
AR861 B2S


# name: <cell-element>
# type: sq_string
# elements: 1
# length: 9
Drop Link


# name: <cell-element>
# type: sq_string
# elements: 1
# length: 12
1" Polysteel


# name: <cell-element>
# type: sq_string
# elements: 1
# length: 12
7/8" Shackle


# name: <cell-element>
# type: sq_string
# elements: 1
# length: 8
1" Chain


# name: <cell-element>
# type: sq_string
# elements: 1
# length: 32
estimated Amsteel II+ stretch   



# name: <cell-element>
# type: sq_string
# elements: 1
# length: 9
July 2022


# name: <cell-element>
# type: sq_string
# elements: 1
# length: 14
m Design Depth


# name: <cell-element>
# type: matrix
# rows: 0
# columns: 0


# name: <cell-element>
# type: sq_string
# elements: 1
# length: 7
Weight 


# name: <cell-element>
# type: sq_string
# elements: 1
# length: 4
(kg)


# name: <cell-element>
# type: matrix
# rows: 0
# columns: 0


# name: <cell-element>
# type: scalar
452


# name: <cell-element>
# type: scalar
0.37


# name: <cell-element>
# type: scalar
0.37


# name: <cell-element>
# type: scalar
1.23


# name: <cell-element>
# type: scalar
0.37


# name: <cell-element>
# type: scalar
0.76363636363636356


# name: <cell-element>
# type: scalar
30


# name: <cell-element>
# type: scalar
2.2999999999999998


# name: <cell-element>
# type: scalar
1.4249999999999998


# name: <cell-element>
# type: scalar
1.8


# name: <cell-element>
# type: scalar
38.636363636363633


# name: <cell-element>
# type: scalar
0.0050000000000000001



# name: <cell-element>
# type: matrix
# rows: 0
# columns: 0


# name: <cell-element>
# type: matrix
# rows: 0
# columns: 0


# name: <cell-element>
# type: matrix
# rows: 0
# columns: 0


# name: <cell-element>
# type: sq_string
# elements: 1
# length: 11
Wet Weight 


# name: <cell-element>
# type: sq_string
# elements: 1
# length: 4
(kg)


# name: <cell-element>
# type: matrix
# rows: 0
# columns: 0


# name: <cell-element>
# type: scalar
-283


# name: <cell-element>
# type: scalar
0.3228061224489796


# name: <cell-element>
# type: scalar
0.3228061224489796


# name: <cell-element>
# type: scalar
1.0700000000000001


# name: <cell-element>
# type: scalar
0.3228061224489796


# name: <cell-element>
# type: scalar
0.66623376623376618


# name: <cell-element>
# type: scalar
22


# name: <cell-element>
# type: scalar
2.0066326530612244


# name: <cell-element>
# type: scalar
-0.18321428571428552


# name: <cell-element>
# type: scalar
1.5704081632653062


# name: <cell-element>
# type: scalar
33.708256029684598


# name: <cell-element>
# type: matrix
# rows: 0
# columns: 0



# name: <cell-element>
# type: matrix
# rows: 0
# columns: 0


# name: <cell-element>
# type: matrix
# rows: 0
# columns: 0


# name: <cell-element>
# type: matrix
# rows: 0
# columns: 0


# name: <cell-element>
# type: sq_string
# elements: 1
# length: 7
Length 


# name: <cell-element>
# type: sq_string
# elements: 1
# length: 3
(m)


# name: <cell-element>
# type: matrix
# rows: 0
# columns: 0


# name: <cell-element>
# type: scalar
2.1299999999999999


# name: <cell-element>
# type: scalar
0.050000000000000003


# name: <cell-element>
# type: scalar
0.050000000000000003


# name: <cell-element>
# type: scalar
0.14999999999999999


# name: <cell-element>
# type: scalar
0.050000000000000003


# name: <cell-element>
# type: scalar
0.059999999999999998


# name: <cell-element>
# type: scalar
0.82999999999999996


# name: <cell-element>
# type: matrix
# rows: 0
# columns: 0


# name: <cell-element>
# type: scalar
5


# name: <cell-element>
# type: matrix
# rows: 0
# columns: 0


# name: <cell-element>
# type: scalar
2


# name: <cell-element>
# type: matrix
# rows: 0
# columns: 0



# name: <cell-element>
# type: matrix
# rows: 0
# columns: 0


# name: <cell-element>
# type: matrix
# rows: 0
# columns: 0


# name: <cell-element>
# type: matrix
# rows: 0
# columns: 0


# name: <cell-element>
# type: sq_string
# elements: 1
# length: 12
Inst. Height


# name: <cell-element>
# type: sq_string
# elements: 1
# length: 11
off btm (m)


# name: <cell-element>
# type: matrix
# rows: 0
# columns: 0


# name: <cell-element>
# type: scalar
10.02


# name: <cell-element>
# type: matrix
# rows: 0
# columns: 0


# name: <cell-element>
# type: matrix
# rows: 0
# columns: 0


# name: <cell-element>
# type: matrix
# rows: 0
# columns: 0


# name: <cell-element>
# type: matrix
# rows: 0
# columns: 0


# name: <cell-element>
# type: matrix
# rows: 0
# columns: 0


# name: <cell-element>
# type: scalar
7.8300000000000001


# name: <cell-element>
# type: matrix
# rows: 0
# columns: 0


# name: <cell-element>
# type: matrix
# rows: 0
# columns: 0


# name: <cell-element>
# type: matrix
# rows: 0
# columns: 0


# name: <cell-element>
# type: matrix
# rows: 0
# columns: 0


# name: <cell-element>
# type: matrix
# rows: 0
# columns: 0



# name: <cell-element>
# type: matrix
# rows: 0
# columns: 0


# name: <cell-element>
# type: matrix
# rows: 0
# columns: 0


# name: <cell-element>
# type: matrix
# rows: 0
# columns: 0


# name: <cell-element>
# type: sq_string
# elements: 1
# length: 11
Net Weight 


# name: <cell-element>
# type: sq_string
# elements: 1
# length: 15
below float (m)


# name: <cell-element>
# type: matrix
# rows: 0
# columns: 0


# name: <cell-element>
# type: matrix
# rows: 0
# columns: 0


# name: <cell-element>
# type: matrix
# rows: 0
# columns: 0


# name: <cell-element>
# type: matrix
# rows: 0
# columns: 0


# name: <cell-element>
# type: matrix
# rows: 0
# columns: 0


# name: <cell-element>
# type: matrix
# rows: 0
# columns: 0


# name: <cell-element>
# type: matrix
# rows: 0
# columns: 0


# name: <cell-element>
# type: matrix
# rows: 0
# columns: 0


# name: <cell-element>
# type: matrix
# rows: 0
# columns: 0


# name: <cell-element>
# type: matrix
# rows: 0
# columns: 0


# name: <cell-element>
# type: matrix
# rows: 0
# columns: 0


# name: <cell-element>
# type: matrix
# rows: 0
# columns: 0


# name: <cell-element>
# type: matrix
# rows: 0
# columns: 0



# name: <cell-element>
# type: matrix
# rows: 0
# columns: 0


# name: <cell-element>
# type: matrix
# rows: 0
# columns: 0


# name: <cell-element>
# type: matrix
# rows: 0
# columns: 0


# name: <cell-element>
# type: sq_string
# elements: 1
# length: 11
Inst. Depth


# name: <cell-element>
# type: sq_string
# elements: 1
# length: 3
(m)


# name: <cell-element>
# type: matrix
# rows: 0
# columns: 0


# name: <cell-element>
# type: scalar
149.97999999999999


# name: <cell-element>
# type: matrix
# rows: 0
# columns: 0


# name: <cell-element>
# type: matrix
# rows: 0
# columns: 0


# name: <cell-element>
# type: matrix
# rows: 0
# columns: 0


# name: <cell-element>
# type: matrix
# rows: 0
# columns: 0


# name: <cell-element>
# type: matrix
# rows: 0
# columns: 0


# name: <cell-element>
# type: matrix
# rows: 0
# columns: 0


# name: <cell-element>
# type: matrix
# rows: 0
# columns: 0


