# Created by Octave 8.1.0, Mon Mar 27 12:27:54 2023 GMT <unknown@WLBCIOS9082700>
# name: acrels
# type: global sq_string
# elements: 6
# length: 64
AR861                           -22.000  75.0  13.0   0.0 1.30 1
# length: 64
Paired AR861                    -45.000  75.0  26.0   0.0 1.30 1
# length: 64
PORT                             -8.000  63.3  12.6   0.0 1.30 1
# length: 64
Paired PORTs                    -16.000  63.3  25.2   0.0 1.30 1
# length: 64
IO 1090                          -7.300  81.0  15.0   0.0 1.30 1
# length: 64
AR861 B2S                        15.000   1.0   1.0   1.0 1.00 2


# name: cms
# type: global sq_string
# elements: 22
# length: 64
ADP in Frame                    -31.037 175.0  15.0   0.0 1.35 1
# length: 64
Aquadopp↓+SBE37               -10.520 110.0  10.0   0.0 1.35 1
# length: 64
Aquadopp↓+SBE37ODO            -10.520 110.0  10.0   0.0 1.35 1
# length: 64
Argonaut MD in Frame             -8.340 117.0  10.0   0.0 1.35 1
# length: 64
HF33↑ with Workhorse          131.500 143.0   0.0  83.0 0.65 1
# length: 64
HF33↓ with Workhorse          131.500 143.0   0.0  83.0 0.65 1
# length: 64
FloTech(old)+Workhorse          229.327 200.0  91.0   0.0 0.65 1
# length: 64
AF36↑ with Quartermaster      116.600 150.0   0.0  91.0 0.65 1
# length: 64
 AF47E↑+WH600+SBE37           175.500 168.0  39.0   0.0 0.50 1
# length: 64
AF36↑+ Workhorse              170.500 150.0   0.0  91.0 0.65 1
# length: 64
AF36↓ with Workhorse          170.500 150.0   0.0  91.0 0.65 1
# length: 64
AF44↑+LR75+SBE37ODO           283.000 213.0   0.0 112.0 0.65 1
# length: 64
LR75↑ & 45" Float             254.000 213.4   0.0 115.0 0.65 1
# length: 64
LR75↓ & 45" Float             254.000 213.0   0.0 115.0 0.65 1
# length: 64
RCM11                            -5.000  75.0  13.0   0.0 1.30 1
# length: 64
RCM4                            -17.300  75.0  13.0   0.0 1.30 1
# length: 64
RCM5                            -17.300  75.0  13.0   0.0 1.30 1
# length: 64
RCM7                            -18.300  75.0  13.0   0.0 1.30 1
# length: 64
S4                               -1.800  50.0   0.0  30.0 0.65 1
# length: 64
WH300 w 4 Vinies                 67.720 130.0 100.0   0.0 1.30 1
# length: 64
WH300 w 8 Vinies                151.720 130.0 100.0   0.0 1.30 1
# length: 64
WH300 in Frame                  -16.280 130.0  50.0   0.0 1.30 1


# name: format
# type: global matrix
# rows: 7
# columns: 2
 1 30
 32 39
 41 45
 48 51
 53 57
 59 62
 64 64


# name: miscs
# type: global sq_string
# elements: 9
# length: 64
SM2M+ in Frame                  -11.780 130.0  20.0   0.0 1.30 1
# length: 64
Aural + Frame                   -34.909 220.0  15.0   0.0 1.30 1
# length: 64
Baker Trap                      -21.000  60.0  21.5   0.0 1.30 1
# length: 64
Double Baker Trap               -30.000  55.0  45.0   0.0 1.30 1
# length: 64
Triple Baker w 3 Vinies          51.000  60.0  60.0   0.0 1.30 1
# length: 64
Vemco                             0.000   0.0   2.5   0.0 1.30 1
# length: 64
SBE19+ with frame               -12.246 115.0  10.0   0.0 1.30 1
# length: 64
SBE37                            -2.800  63.0   6.2   0.0 1.30 1
# length: 64
SBE37-SMP with frame            -13.073 100.0   6.2   0.0 1.30 1


# name: anchors
# type: global sq_string
# elements: 1
# length: 64
Anchor                         -1500.00   1.0   1.0   1.0 1.00 2


# name: chains
# type: global sq_string
# elements: 15
# length: 64
7/16" Shackle                    -0.194   4.0   3.0   0.0 1.30 1
# length: 64
1/2" Shackle                     -0.313   5.0   2.5   0.0 1.30 1
# length: 64
5/8" Shackle                     -0.666   6.0   5.0   0.0 1.30 1
# length: 64
3/4" Shackle                     -1.079   7.0   2.5   0.0 1.30 1
# length: 64
7/8" Shackle                     -1.566   8.0   3.0   0.0 1.30 1
# length: 64
1" Shackle                       -2.245  10.0   3.0   0.0 1.30 1
# length: 64
1/2" Sling Link                  -0.218   8.0   3.0   0.0 1.30 1
# length: 64
5/8" Sling Link                  -0.420  10.0   5.0   0.0 1.30 1
# length: 64
3/4" Sling Link                  -0.746  11.0   2.5   0.0 1.30 1
# length: 64
7/8" Sling Link                  -1.091  13.0   3.0   0.0 1.30 1
# length: 64
Miller B212                      -0.668  10.0   3.0   0.0 1.30 1
# length: 64
Miller C212                      -1.073  15.0   5.0   0.0 1.30 1
# length: 64
MillerC3                         -1.000   1.0   1.0   1.0 1.00 2
# length: 64
Drop Link                        -1.000   1.0   1.0   1.0 1.00 2
# length: 64
1" Chain                         -1.000   1.0   1.0   1.0 1.00 2


# name: floats
# type: global sq_string
# elements: 13
# length: 64
WB-17                            18.000  60.0   0.0  43.2 1.00 1
# length: 64
SG-17                            23.000  60.0   0.0  43.2 1.00 1
# length: 64
SS-28                           133.000 111.0   0.0  71.1 0.65 1
# length: 64
SS30 (WHH)                      161.000 111.0   0.0  75.0 0.65 1
# length: 64
SB30                            166.000  87.0   0.0  75.0 0.65 1
# length: 64
HMB-31-0750                     135.000  90.0   0.0  77.5 0.65 1
# length: 64
Interocean 34                   190.000  97.0   0.0  86.0 0.65 1
# length: 64
SS-37                           300.000 129.0   0.0  92.5 0.65 1
# length: 64
SS-41                           435.000 135.0   0.0 102.5 0.65 1
# length: 64
Viny on 1 m of 5/16 wire         20.300 100.0   0.0  32.5 0.65 1
# length: 64
4 Vinies on 3/4" Polysteel      100.000   1.0   1.0   1.0 1.00 2
# length: 64
AF36↑ w WH600+SBE37 ODO       100.000   1.0   1.0   1.0 1.00 2
# length: 64
SeapHox in Frame                100.000   1.0   1.0   1.0 1.00 2


# name: wires
# type: global sq_string
# elements: 19
# length: 64
5/16" Amsteel II+                -0.009 100.0   0.8   0.0 1.30 6
# length: 64
5 mm Dynice Dux                   0.001 100.0   0.5   0.0 1.30 8
# length: 64
1/4" Kevlar                      -0.009 100.0   0.7   0.0 1.30 6
# length: 64
1" Buoy Chain                   -24.879 100.0   5.0   0.0 1.30 1
# length: 64
5/16" Amgal                      -0.345 100.0   0.8   0.0 1.30 1
# length: 64
1/4" Amgal                       -0.261 100.0   0.6   0.0 1.30 1
# length: 64
3/4" Poly                         0.002 100.0   1.9   0.0 1.30 4
# length: 64
1" RP12 UB                        0.032 100.0   2.5   0.0 1.30 4
# length: 64
1" RP12 Nylon                    -0.039 100.0   2.5   0.0 1.30 2
# length: 64
7/8" RP12 Nylon                  -0.033 100.0   2.2   0.0 1.30 2
# length: 64
1" Polysteel                      0.037 100.0   2.5   0.0 1.30 4
# length: 64
3/4" Nylon                       -0.027 100.0   1.9   0.0 1.30 2
# length: 64
1/4" Amsteel                      0.001 100.0   0.7   0.0 1.30 3
# length: 64
5 mm Dynice Dux                   0.001 100.0   0.5   0.0 1.30 8
# length: 64
1/4" Tenex                       -0.008 100.0   0.7   0.0 1.30 3
# length: 64
5/16" Tenex                      -0.012 100.0   0.8   0.0 1.30 3
# length: 64
3/8" Tenex                       -0.016 100.0   1.0   0.0 1.30 3
# length: 64
1/2" Polyester                   -0.031 100.0   1.2   0.0 1.30 3
# length: 64
5/8" Polyester                   -0.046 100.0  16.0   0.0 1.30 3


