# Created by Octave 7.3.0, Mon Feb 27 15:19:15 2023 GMT <unknown@WLBCIOS9082700>
# name: U
# type: global matrix
# rows: 3
# columns: 1
 2
 0.5
 0


# name: V
# type: global matrix
# rows: 1
# columns: 3
 0 0 0


# name: W
# type: global matrix
# rows: 1
# columns: 3
 0 0 0


# name: z
# type: global matrix
# rows: 1
# columns: 3
 120 10 0


