# Created by Octave 8.3.0, Sat Nov 11 01:53:14 2023 PST <paul@jaro>
# name: U
# type: global matrix
# rows: 3
# columns: 1
 5
 0
 0


# name: V
# type: global matrix
# rows: 3
# columns: 1
 0
 0
 0


# name: W
# type: global matrix
# rows: 3
# columns: 1
 0
 0
 0


# name: z
# type: global matrix
# rows: 1
# columns: 3
 67 11 0


# name: rho
# type: global matrix
# rows: 3
# columns: 1
 1024
 1025
 1026


# name: time
# type: global matrix
# rows: 0
# columns: 0


# name: H
# type: global matrix
# rows: 4
# columns: 53
 1.5 0.050000000000000003 0.050000000000000003 0.63 0.050000000000000003 0.080000000000000002 0.040000000000000001 10 0.040000000000000001 0.050000000000000003 1.5 0.050000000000000003 0.050000000000000003 1.29 0.050000000000000003 0.050000000000000003 0.14999999999999999 0.050000000000000003 0.080000000000000002 0.040000000000000001 10 0.040000000000000001 0.050000000000000003 0.87 0.050000000000000003 1.3 0.050000000000000003 0.050000000000000003 1.3 0.050000000000000003 0.050000000000000003 1.1000000000000001 0.050000000000000003 0.050000000000000003 0.14999999999999999 0.050000000000000003 0.080000000000000002 0.040000000000000001 10 0.040000000000000001 0.050000000000000003 2.1299999999999999 0.050000000000000003 0.050000000000000003 0.14999999999999999 0.050000000000000003 0.059999999999999998 0.82999999999999996 0.01 10 0.080000000000000002 2 0
 0.01 0.025000000000000001 0.025000000000000001 0.062 0.025000000000000001 0.029999999999999999 0.029999999999999999 0.01 0.029999999999999999 0.025000000000000001 0.01 0.025000000000000001 0.025000000000000001 0.01 0.025000000000000001 0.025000000000000001 0.050000000000000003 0.025000000000000001 0.029999999999999999 0.029999999999999999 0.0080000000000000002 0.029999999999999999 0.025000000000000001 0 0.025000000000000001 0.20000000000000001 0.025000000000000001 0.025000000000000001 0.20000000000000001 0.025000000000000001 0.025000000000000001 0.10000000000000001 0.025000000000000001 0.025000000000000001 0.050000000000000003 0.025000000000000001 0.029999999999999999 0.029999999999999999 0.0080000000000000002 0.029999999999999999 0.025000000000000001 0.01 0.025000000000000001 0.025000000000000001 0.01 0.025000000000000001 0.050000000000000003 0.01 0.01 0.025000000000000001 0.029999999999999999 0.01 0
 0.01 0 0 0 0 0 0 0.01 0 0 0.01 0 0 0.01 0 0 0 0 0 0 0 0 0 0.75 0 0 0 0 0 0 0 0 0 0 0 0 0 0 0 0 0 0.01 0 0 0.01 0 0 0.01 0.01 0 0 0.01 0
 2 2 2 2 2 2 2 1 2 2 2 2 2 2 2 2 2 2 2 2 1 2 2 2 2 2 2 2 2 2 2 2 2 2 2 2 2 2 1 2 2 2 2 2 2 2 2 2 2 1 2 2 0


# name: B
# type: global matrix
# rows: 1
# columns: 53
 83.299999999999997 -0.313 -0.313 -2.7999999999999998 -0.313 -0.218 -0.19400000000000001 -0.19 -0.19400000000000001 -0.313 155.5 -0.313 -0.313 -11.779999999999999 -0.313 -0.313 -1.073 -0.313 -0.218 -0.19400000000000001 -0.0089999999999999993 -0.19400000000000001 -0.313 166 -0.313 -11.779999999999999 -0.313 -0.313 -11.779999999999999 -0.313 -0.313 -10.52 -0.313 -0.313 -1.073 -0.313 -0.218 -0.19400000000000001 -0.0089999999999999993 -0.19400000000000001 -0.313 283 -0.313 -0.313 -1.0700000000000001 -0.313 -0.66600000000000004 -22 -2.0070000000000001 0.036999999999999998 -1.5660000000000001 -33.707999999999998 -1500


# name: Wt
# type: global matrix
# rows: 1
# columns: 53
 10 0 0 0 0 0 0 0 0 0 10 0 0 10 0 0 0 0 0 0 0 0 0 10 0 0 0 0 0 0 0 10 0 0 0 0 0 0 0 0 0 10 0 0 0 0 0 10 0 0 0 0 0


# name: Cd
# type: global matrix
# rows: 1
# columns: 53
 1 1.3 1.3 1.3 1.3 1.3 1.3 1 1.3 1.3 1 1.3 1.3 1 1.3 1.3 1.3 1.3 1.3 1.3 1.3 1.3 1.3 0.65000000000000002 1.3 1.3 1.3 1.3 1.3 1.3 1.3 1.3500000000000001 1.3 1.3 1.3 1.3 1.3 1.3 1.3 1.3 1.3 1 1.3 1.3 1 1.3 1.3 1 1 1.3 1.3 1 0


# name: ME
# type: global matrix
# rows: 1
# columns: 53
 Inf Inf Inf Inf Inf Inf Inf 345000000 Inf Inf Inf Inf Inf Inf Inf Inf Inf Inf Inf Inf 69000000000 Inf Inf Inf Inf Inf Inf Inf Inf Inf Inf Inf Inf Inf Inf Inf Inf Inf 69000000000 Inf Inf Inf Inf Inf Inf Inf Inf Inf Inf 345000000 Inf Inf Inf


# name: moorele
# type: global sq_string
# elements: 53
# length: 30
4 Vinies on 3/4" Polysteel    
# length: 30
1/2" Shackle                  
# length: 30
1/2" Shackle                  
# length: 30
SBE37                         
# length: 30
1/2" Shackle                  
# length: 30
1/2" Sling Link               
# length: 30
7/16" Shackle                 
# length: 30
1/4" Tenex                    
# length: 30
7/16" Shackle                 
# length: 30
1/2" Shackle                  
# length: 30
AF36↑ w WH600+SBE37 ODO     
# length: 30
1/2" Shackle                  
# length: 30
1/2" Shackle                  
# length: 30
SeapHox in Frame              
# length: 30
1/2" Shackle                  
# length: 30
1/2" Shackle                  
# length: 30
Miller C212                   
# length: 30
1/2" Shackle                  
# length: 30
1/2" Sling Link               
# length: 30
7/16" Shackle                 
# length: 30
5/16" Amsteel II+             
# length: 30
7/16" Shackle                 
# length: 30
1/2" Shackle                  
# length: 30
SB30                          
# length: 30
1/2" Shackle                  
# length: 30
SM2M+ in Frame                
# length: 30
1/2" Shackle                  
# length: 30
1/2" Shackle                  
# length: 30
SM2M+ in Frame                
# length: 30
1/2" Shackle                  
# length: 30
1/2" Shackle                  
# length: 30
Aquadopp↓+SBE37             
# length: 30
1/2" Shackle                  
# length: 30
1/2" Shackle                  
# length: 30
Miller C212                   
# length: 30
1/2" Shackle                  
# length: 30
1/2" Sling Link               
# length: 30
7/16" Shackle                 
# length: 30
5/16" Amsteel II+             
# length: 30
7/16" Shackle                 
# length: 30
1/2" Shackle                  
# length: 30
AF44↑ w WH150+SBE37 ODO     
# length: 30
1/2" Shackle                  
# length: 30
1/2" Shackle                  
# length: 30
MillerC3                      
# length: 30
1/2" Shackle                  
# length: 30
5/8" Shackle                  
# length: 30
AR861 B2S                     
# length: 30
Drop Link                     
# length: 30
1" Polysteel                  
# length: 30
7/8" Shackle                  
# length: 30
1" Chain                      
# length: 30
Anchor                        


