# Created by Octave 7.3.0, Fri Mar 17 17:07:06 2023 GMT <unknown@WLBCIOS9082700>
# name: U
# type: global matrix
# rows: 0
# columns: 0


# name: V
# type: global matrix
# rows: 0
# columns: 0


# name: W
# type: global matrix
# rows: 0
# columns: 0


# name: z
# type: global matrix
# rows: 0
# columns: 0


# name: rho
# type: global matrix
# rows: 0
# columns: 0


# name: time
# type: global matrix
# rows: 0
# columns: 0


# name: H
# type: global matrix
# rows: 4
# columns: 3
 0 0 15
 3 7 100
 0 0 0
 0 2 0


# name: B
# type: global matrix
# rows: 1
# columns: 3
 190 -0.0089999999999999993 -350


# name: Cd
# type: global matrix
# rows: 1
# columns: 2
 1.3 1.3


# name: ME
# type: global matrix
# rows: 1
# columns: 2
 Inf Inf


# name: moorele
# type: global sq_string
# elements: 3
# length: 30
Interocean 34                 
# length: 30
1/4" Kevlar                   
# length: 30
1 Railway Wheel               


