# Created by Octave 7.3.0, Wed Mar 15 16:03:50 2023 GMT <unknown@WLBCIOS9082700>
# name: acrels
# type: global sq_string
# elements: 0
# length: 0

# name: cms
# type: global sq_string
# elements: 0
# length: 0

# name: format
# type: global matrix
# rows: 7
# columns: 2
 1 30
 32 39
 41 45
 48 51
 53 57
 59 62
 64 64

# name: miscs
# type: global sq_string
# elements: 0
# length: 0

# name: anchors
# type: global sq_string
# elements: 0
# length: 0

# name: chains
# type: global sq_string
# elements: 0
# length: 0

# name: floats
# type: global sq_string
# elements: 0
# length: 0

# name: wires
# type: global sq_string
# elements: 0
# length: 0

