# Created by Octave 7.3.0, Wed Mar 15 16:03:50 2023 GMT <unknown@WLBCIOS9082700>
# name: acrels
# type: global sq_string
# elements: 0
# length: 0

# name: cms
# type: global sq_string
# elements: 0
# length: 0

# name: format
# type: global matrix
# rows: 7
# columns: 2
 1 30
 32 48
 50 54
 57 60
 62 66
 68 71
 73 73

# name: miscs
# type: global sq_string
# elements: 0
# length: 0

# name: anchors
# type: global sq_string
# elements: 0
# length: 0

# name: chains
# type: global sq_string
# elements: 0
# length: 0

# name: floats
# type: global sq_string
# elements: 0
# length: 0

# name: wires
# type: global sq_string
# elements: 0
# length: 0

