# Created by Octave 7.3.0, Tue Feb 14 20:56:15 2023 PST <paul@jaro>
# name: U
# type: global matrix
# rows: 3
# columns: 1
 2
 1
 0


# name: V
# type: global matrix
# rows: 3
# columns: 1
 0
 0
 0


# name: W
# type: global matrix
# rows: 3
# columns: 1
 0
 0
 0


# name: z
# type: global matrix
# rows: 1
# columns: 3
 12 2 0


# name: rho
# type: global matrix
# rows: 3
# columns: 1
 1024
 1025
 1026


# name: time
# type: global matrix
# rows: 0
# columns: 0


# name: H
# type: global matrix
# rows: 4
# columns: 11
 2.1299999999999999 0.080000000000000002 0.080000000000000002 0.14999999999999999 0.080000000000000002 0.065000000000000002 0.75 5 0.065000000000000002 2 0.34999999999999998
 0 0.025000000000000001 0.025000000000000001 0.050000000000000003 0.025000000000000001 0.050000000000000003 0.13 0.025000000000000001 0.050000000000000003 0.050000000000000003 1
 1.1200000000000001 0 0 0 0 0 0 0 0 0 0
 0 2 2 2 2 2 0 1 2 1 0


# name: B
# type: global matrix
# rows: 1
# columns: 11
 283 -0.29999999999999999 -0.29999999999999999 -1 -0.29999999999999999 -0.65000000000000002 -22 0.040000000000000001 -0.65000000000000002 -12.25 -700


# name: Cd
# type: global matrix
# rows: 1
# columns: 11
 0.65000000000000002 1.3 1.3 1.3 1.3 1.3 1.3 1.3 1.3 1.3 1.3


# name: ME
# type: global matrix
# rows: 1
# columns: 11
 Inf Inf Inf Inf Inf Inf Inf 345000000 Inf 138000000000 Inf


# name: moorele
# type: global sq_string
# elements: 11
# length: 16
AF44+LonRanger  
# length: 16
1/2 shackle     
# length: 16
1/2 shackle     
# length: 16
Swivel          
# length: 16
1/2 shackle     
# length: 16
5/8 shackle     
# length: 16
Oceano AR861    
# length: 16
1" Polysteel    
# length: 16
5/8 shackle     
# length: 16
1" buoy chain   
# length: 16
2 Railway Wheels


