# name: format
# type: global matrix
# rows: 7
# columns: 2
 1 30
 32 39
 41 45
 48 51
 53 57
 59 62
 64 64

# name: chains
# type: global sq_string
# elements: 15
# length: 64
7/16" Shackle                    -0.194   4.0   3.0   0.0 1.30 1
# length: 64
1/2" Shackle                     -0.313   5.0   2.5   0.0 1.30 1
# length: 64
5/8" Shackle                     -0.666   6.0   5.0   0.0 1.30 1
# length: 64
3/4" Shackle                     -1.079   7.0   2.5   0.0 1.30 1
# length: 64
7/8" Shackle                     -1.566   8.0   3.0   0.0 1.30 1
# length: 64
1" Shackle                       -2.245  10.0   3.0   0.0 1.30 1
# length: 64
1/2" Sling Link                  -0.218   8.0   3.0   0.0 1.30 1
# length: 64
5/8" Sling Link                  -0.420  10.0   5.0   0.0 1.30 1
# length: 64
3/4" Sling Link                  -0.746  11.0   2.5   0.0 1.30 1
# length: 64
7/8" Sling Link                  -1.091  13.0   3.0   0.0 1.30 1
# length: 64
Miller B212                      -0.668  10.0   3.0   0.0 1.30 1
# length: 64
Miller C212                      -1.073  15.0   5.0   0.0 1.30 1
# length: 64
MillerC3                         -1.070  15.0   1.0   1.0 1.00 2
# length: 64
Drop Link                        -2.007   1.0   1.0   1.0 1.00 2
# length: 64
1" Chain                        -33.708 200.0   1.0   1.0 1.00 2

