# Created by Octave 7.3.0, Wed Mar 15 16:03:50 2023 GMT <unknown@WLBCIOS9082700>
# name: acrels
# type: global sq_string
# elements: 0 
# length: 64
