# Created by Octave 7.3.0, Tue Feb 14 20:31:33 2023 PST <paul@jaro>
# name: acrels
# type: global sq_string
# elements: 9
# length: 50
Oceano AR191      -26.000  85.0  11.2   0.0 1.30 1
# length: 50
EG&G 8242         -28.000  94.0  13.0   0.0 1.30 1
# length: 50
double 8242       -68.000  95.0  26.0   0.0 1.30 1
# length: 50
double AR-191     -60.000  85.0  23.0   0.0 1.30 1
# length: 50
double AR/EG&G    -64.000  95.0  25.0   0.0 1.30 1
# length: 50
Mesotech AR        -5.000 100.0  15.0   0.0 1.30 7
# length: 50
InterOcean1090ED   -5.000  80.0  18.0   0.0 1.30 1
# length: 50
Oceano AR2500     -22.000  83.0  13.0   0.0 1.30 1
# length: 50
Oceano AR861      -22.000  75.0  13.0   0.0 1.30 1


# name: cms
# type: global sq_string
# elements: 5
# length: 50
InterOcn S4 CM     -1.500  80.0   0.0  30.0 0.60 1
# length: 50
RD ADCP           -12.000 141.0  22.0   0.0 1.30 1
# length: 50
WH ADCP + Frame   -12.000  50.0  20.0   0.0 1.20 3
# length: 50
AQD+SBE37 in fra  -10.500 110.0  15.0  30.0 1.30 1
# length: 50
WH300 in AF36     155.500 150.0   0.0  92.0 0.80 1


# name: format
# type: global matrix
# rows: 7
# columns: 2
 1 16
 18 25
 27 31
 33 37
 39 43
 45 48
 50 50


# name: miscs
# type: global sq_string
# elements: 25
# length: 50
SBE-16            -10.000  45.0   8.0   0.0 1.30 1
# length: 50
Keil sedmt trap   -80.000 250.0  99.9   0.0 1.30 1
# length: 50
ULS#2/APL          15.000   0.0   0.0  65.0 1.00 1
# length: 50
DataSonics Xpdr   -10.000  70.0  13.0   0.0 1.30 1
# length: 50
Benthos Xpdr       -5.000   0.0   0.0  30.0 1.00 1
# length: 50
Brancker TR1000    -0.448  27.0   5.1   0.0 1.30 1
# length: 50
Brancker XL-200    -0.430  54.0   6.0   0.0 1.30 1
# length: 50
Brancker XL-210     0.714  84.0   7.6   0.0 1.30 1
# length: 50
Heavy Sphere      -10.000  30.0   0.0  30.0 0.65 1
# length: 50
CDMS 10sqft Tow   -90.720 108.7   0.0 108.7 1.00 1
# length: 50
CDMS 30sqft Tow  -415.720 188.0   0.0 188.0 1.20 1
# length: 50
IceProfiler4+Flt   62.000 130.0   0.0  40.0 0.80 1
# length: 50
Heavy Sphere 2   -100.000  40.0   0.0  40.0 0.65 1
# length: 50
SBE 19+ cage      -20.000  45.0  20.0   0.0 1.30 1
# length: 50
McLane Mk8 SedTr  -20.000 120.0  30.0   0.0 1.30 1
# length: 50
Oceanetic Pinger   -5.000  60.0   5.0   0.0 1.30 1
# length: 50
McLane Mk78 SdTr  -25.000 164.0  41.0   0.0 1.30 1
# length: 50
SubOcean2d        -52.000 168.0  28.0   0.0 2.30 1
# length: 50
SubOcean2d2       -52.000 168.0   0.0 168.0 1.30 1
# length: 50
TowedCylinder     -10.000 100.0  20.0   0.0 1.30 1
# length: 50
TowedSphere       -10.000  50.0   0.0  50.0 0.65 1
# length: 50
TripleBaker+3Vin   42.000 100.0  55.0   0.0 1.30 1
# length: 50
SBE-16 in Frame   -12.300 115.0   8.0   0.0 1.30 1
# length: 50
SBE37 in frame     -2.000  90.0   8.0   0.0 1.30 1
# length: 50
SM2M+             -11.800 130.0  20.0   0.0 1.30 1


# name: anchors
# type: global sq_string
# elements: 9
# length: 50
1 Railway Wheel  -350.000  15.0 100.0   0.0 1.30 1
# length: 50
2 Railway Wheels -700.000  35.0 100.0   0.0 1.30 1
# length: 50
3 Railway Wheels -1050.00  55.0 100.0   0.0 1.30 1
# length: 50
4 Railway Wheels -1400.00  70.0 100.0   0.0 1.30 1
# length: 50
1 Concrete Block -200.000  50.0  80.0   0.0 1.30 1
# length: 50
2 Concrete Blocks-400.000  70.0 100.0   0.0 1.30 1
# length: 50
3 Concrete Blocks-600.000 100.0 100.0   0.0 1.30 1
# length: 50
1 Tire-St+Con    -115.000  15.0  50.0   0.0 1.30 1
# length: 50
1 Large St/C Tire-150.000  15.0  50.0   0.0 1.30 1


# name: chains
# type: global sq_string
# elements: 16
# length: 50
1/2 chain LL       -3.100 100.0   3.0   0.0 1.30 1
# length: 50
1/2 galv link      -0.200  10.0   2.5   0.0 1.30 1
# length: 50
1/2 shackle        -0.300   8.0   2.5   0.0 1.30 1
# length: 50
3/8 shackle        -0.125   4.0   2.5   0.0 1.30 1
# length: 50
5/8 shackle        -0.650   6.5   5.0   0.0 1.30 1
# length: 50
1" shackle         -2.200   8.0   3.0   0.0 1.30 1
# length: 50
3/8" buoy chain    -1.677 100.0   2.0   0.0 1.30 1
# length: 50
1/2" buoy chain    -3.070 100.0   2.5   0.0 1.30 1
# length: 50
5/8" buoy chain    -4.730 100.0   3.5   0.0 1.30 1
# length: 50
3/4" buoy chain    -6.870 100.0   4.0   0.0 1.30 1
# length: 50
1" buoy chain     -12.250 100.0   5.0   0.0 1.30 1
# length: 50
3/4" shackle       -0.880   6.0   2.5   0.0 1.30 1
# length: 50
Swivel             -1.000  15.0   5.0   0.0 1.30 1
# length: 50
1/2" Shackle       -0.320   5.0   3.0   0.0 1.30 1
# length: 50
1/2" sling         -0.220   0.1   3.0   0.0 1.30 1
# length: 50
7/16" Shackle      -0.190   4.0   3.0   0.0 1.30 1


# name: floats
# type: global sq_string
# elements: 19
# length: 50
41in ORE          433.000 104.0   0.0 104.0 0.65 1
# length: 50
37in ORE          300.000  94.0   0.0  94.0 0.65 1
# length: 50
28in ORE          133.000  71.0   0.0  71.0 0.65 1
# length: 50
30in float        160.000  76.0   0.0  76.0 0.65 1
# length: 50
BENTHOS 17in       23.000  51.0   0.0  51.0 0.95 1
# length: 50
16in Viny          19.000  40.0   0.0  40.0 0.60 1
# length: 50
Double 17in        48.000  50.0   0.0  65.0 0.95 1
# length: 50
CDMS 2m sphere    2470.00 200.0   0.0 200.0 0.50 1
# length: 50
Top of Tow Rope     0.010   0.0   0.0   0.0 0.00 1
# length: 50
FloatTech CF-12    11.000  30.0  20.0   0.0 1.00 1
# length: 50
Geodyn 8' Toroid  1950.00  76.2 244.0   0.0 0.65 3
# length: 50
AF36+Workhorse    155.500 150.0   0.0  91.0 0.65 1
# length: 50
AF44+LonRanger    283.000 213.0   0.0 112.0 0.65 1
# length: 50
Triple Viny        62.300 150.0  30.0   0.0 1.00 1
# length: 50
Quad Viny          83.000 180.0  30.0   0.0 1.00 1
# length: 50
34" Interocean     19.000  97.0   0.0  86.0 0.65 1
# length: 50
Viking Buoy       700.000 250.0 150.0   0.0 0.65 1
# length: 50
AF47E +WH600      176.000 170.0  60.0   0.0 0.50 1
# length: 50
HF33+Workhorse    149.000 143.0   0.0  83.0 0.65 1


