# Created by Octave 8.3.0, Fri Nov 10 21:04:42 2023 PST <paul@jaro>
# name: acrels
# type: global sq_string
# elements: 5
# length: 73
AR861                           -22.000      0.0  75.0  13.0   0.0 1.30 1
# length: 73
Paired AR861                    -45.000      0.0  75.0  26.0   0.0 1.30 1
# length: 73
PORT                             -8.000      0.0  63.3  12.6   0.0 1.30 1
# length: 73
Paired PORTs                    -16.000      0.0  63.3  25.2   0.0 1.30 1
# length: 73
IO 1090                          -7.300      0.0  81.0  15.0   0.0 1.30 1


# name: cms
# type: global sq_string
# elements: 24
# length: 73
ADP in Frame                    -31.037     10.0 175.0  15.0   0.0 1.35 1
# length: 73
Aquadopp↓+SBE37               -10.520     10.0 110.0  10.0   0.0 1.35 1
# length: 73
Aquadopp↓+SBE37ODO            -10.520     10.0 110.0  10.0   0.0 1.35 1
# length: 73
Argonaut MD in Frame             -8.340     10.0 117.0  10.0   0.0 1.35 1
# length: 73
HF33↑ with Workhorse          131.500     10.0 143.0   0.0  83.0 0.65 1
# length: 73
HF33↓ with Workhorse          131.500     10.0 143.0   0.0  83.0 0.65 1
# length: 73
FloTech(old)+Workhorse          229.327     10.0 200.0  91.0   0.0 0.65 1
# length: 73
AF36↑ with Quartermaster      116.600     10.0 150.0   0.0  91.0 0.65 1
# length: 73
AF47E↑+WH600+SBE37            175.500     10.0 168.0  39.0   0.0 0.50 1
# length: 73
AF36↑+ Workhorse              170.500     10.0 150.0   0.0  91.0 0.65 1
# length: 73
AF36↓ with Workhorse          170.500     10.0 150.0   0.0  91.0 0.65 1
# length: 73
AF44↑+LR75+SBE37ODO           283.000     10.0 213.0   0.0 112.0 0.65 1
# length: 73
LR75↑ & 45" Float             254.000     10.0 213.4   0.0 115.0 0.65 1
# length: 73
LR75↓ & 45" Float             254.000     10.0 213.0   0.0 115.0 0.65 1
# length: 73
RCM11                            -5.000     10.0  75.0  13.0   0.0 1.30 1
# length: 73
RCM4                            -17.300     10.0  75.0  13.0   0.0 1.30 1
# length: 73
RCM5                            -17.300     10.0  75.0  13.0   0.0 1.30 1
# length: 73
RCM7                            -18.300     10.0  75.0  13.0   0.0 1.30 1
# length: 73
S4                               -1.800     10.0  50.0   0.0  30.0 0.65 1
# length: 73
WH300 w 4 Vinies                 67.720     10.0 130.0   0.0   0.0 1.30 1
# length: 73
WH300 w 8 Vinies                151.720     10.0 130.0   0.0   0.0 1.30 1
# length: 73
WH300 in Frame                  -16.280     10.0 130.0  50.0   0.0 1.30 1
# length: 73
SeapHox in Frame                -11.780     10.0 129.0   1.0   1.0 1.00 2
# length: 73
AR861 B2S                       -22.000     10.0  83.0   1.0   1.0 1.00 2


# name: format
# type: global matrix
# rows: 7
# columns: 2
 1 30
 32 48
 50 54
 57 60
 62 66
 68 71
 73 73


# name: miscs
# type: global sq_string
# elements: 9
# length: 73
SM2M+ in Frame                  -11.780      0.0 130.0  20.0   0.0 1.30 1
# length: 73
Aural + Frame                   -34.909      0.0 220.0  15.0   0.0 1.30 1
# length: 73
Baker Trap                      -21.000      0.0  60.0  21.5   0.0 1.30 1
# length: 73
Double Baker Trap               -30.000      0.0  55.0  45.0   0.0 1.30 1
# length: 73
Triple Baker w 3 Vinies          51.000      0.0  60.0  60.0   0.0 1.30 1
# length: 73
Vemco                             0.000      0.0   0.0   2.5   0.0 1.30 1
# length: 73
SBE19+ with frame               -12.246      0.0 115.0  10.0   0.0 1.30 1
# length: 73
SBE37                            -2.800      0.0  63.0   6.2   0.0 1.30 1
# length: 73
SBE37-SMP with frame            -13.073      0.0 100.0   6.2   0.0 1.30 1


# name: anchors
# type: global string
# elements: 1
# length: 73
Anchor                         -1500.00      0.0   0.0   0.0   0.0 0.00 1


# name: chains
# type: global sq_string
# elements: 15
# length: 73
7/16" Shackle                    -0.194      0.0   4.0   3.0   0.0 1.30 1
# length: 73
1/2" Shackle                     -0.313      0.0   5.0   2.5   0.0 1.30 1
# length: 73
5/8" Shackle                     -0.666      0.0   6.0   5.0   0.0 1.30 1
# length: 73
3/4" Shackle                     -1.079      0.0   7.0   2.5   0.0 1.30 1
# length: 73
7/8" Shackle                     -1.566      0.0   8.0   3.0   0.0 1.30 1
# length: 73
1" Shackle                       -2.245      0.0  10.0   3.0   0.0 1.30 1
# length: 73
1/2" Sling Link                  -0.218      0.0   8.0   3.0   0.0 1.30 1
# length: 73
5/8" Sling Link                  -0.420      0.0  10.0   5.0   0.0 1.30 1
# length: 73
3/4" Sling Link                  -0.746      0.0  11.0   2.5   0.0 1.30 1
# length: 73
7/8" Sling Link                  -1.091      0.0  13.0   3.0   0.0 1.30 1
# length: 73
Miller B212                      -0.668      0.0  10.0   3.0   0.0 1.30 1
# length: 73
Miller C212                      -1.073      0.0  15.0   5.0   0.0 1.30 1
# length: 73
MillerC3                         -1.070      0.0  15.0   1.0   1.0 1.00 2
# length: 73
Drop Link                        -2.007      0.0   1.0   1.0   1.0 1.00 2
# length: 73
1" Chain                        -33.708      0.0 200.0   1.0   1.0 1.00 2


# name: floats
# type: global sq_string
# elements: 14
# length: 73
WB-17                            18.000     10.0  60.0   0.0  43.2 1.00 1
# length: 73
SG-17                            23.000     10.0  60.0   0.0  43.2 1.00 1
# length: 73
SS-28                           133.000     10.0 111.0   0.0  71.1 0.65 1
# length: 73
SS30 (WHH)                      161.000     10.0 111.0   0.0  75.0 0.65 1
# length: 73
SB30                            166.000     10.0  87.0   0.0  75.0 0.65 1
# length: 73
HMB-31-0750                     135.000     10.0  90.0   0.0  77.5 0.65 1
# length: 73
Interocean 34                   190.000     10.0  97.0   0.0  86.0 0.65 1
# length: 73
SS-37                           300.000     10.0 129.0   0.0  92.5 0.65 1
# length: 73
SS-41                           435.000     10.0 135.0   0.0 102.5 0.65 1
# length: 73
Viny on 1 m of 5/16 wire         20.300     10.0 100.0   0.0  32.5 0.65 1
# length: 73
4 Vinies on 3/4" Polysteel       83.300     10.0 150.0   1.0   1.0 1.00 2
# length: 73
AF36↑ w WH600+SBE37 ODO       155.500     10.0 150.0   1.0   1.0 1.00 2
# length: 73
AF44↑ w WH150+SBE37 ODO       283.000     10.0 213.0   1.0   1.0 1.00 2
# length: 73
test float                      100.000     10.0 100.0   0.0  30.0 0.65 1


