# Created by Octave 8.1.0, Wed Apr 12 13:32:07 2023 GMT <unknown@WLBCIOS9082700>
# name: mmp
# type: matrix
# rows: 1
# columns: 4
 -0.46927083333333336 0.16111111111111112 0.35208333333333336 0.42592592592592593


