# Created by Octave 8.1.0, Thu Mar 30 16:50:28 2023 GMT <unknown@WLBCIOS9082700>
# name: mmp
# type: matrix
# rows: 1
# columns: 4
 -0.53333333333333333 -0.21759259259259259 0.49895833333333334 0.4148148148148148


