# Created by Octave 8.3.0, Sun Nov 12 22:15:57 2023 PST <paul@jaro>
# name: mmp
# type: matrix
# rows: 1
# columns: 4
 0.00067340067340067344 0.033928571428571426 0.35218855218855216 0.42559523809523808


