# Created by Octave 8.1.0, Wed Apr 19 01:47:08 2023 PDT <paul@jaro>
# name: mmp
# type: matrix
# rows: 1
# columns: 4
 0.00067340067340067344 0.033928571428571426 0.35218855218855216 0.42559523809523808


