# Created by Octave 8.1.0, Tue Apr 04 13:43:04 2023 GMT <unknown@WLBCIOS9082700>
# name: mmp
# type: matrix
# rows: 1
# columns: 4
 -0.53333333333333333 0.20092592592592592 0.49895833333333334 0.37685185185185183


