# Created by Octave 8.3.0, Sun Nov 12 23:14:05 2023 PST <paul@jaro>
# name: mmp
# type: matrix
# rows: 1
# columns: 4
 0.00067340067340067344 0.051190476190476189 0.35218855218855216 0.42559523809523808


