# Created by Octave 8.1.0, Tue Mar 28 14:34:10 2023 GMT <unknown@WLBCIOS9082700>
# name: mmp
# type: matrix
# rows: 1
# columns: 4
 -0.51875000000000004 -0.22037037037037038 0.35208333333333336 0.44537037037037036


