# Created by Octave 8.1.0, Tue Mar 28 16:59:30 2023 GMT <unknown@WLBCIOS9082700>
# name: mmp
# type: matrix
# rows: 1
# columns: 4
 0.00052083333333333333 0.070370370370370375 0.49895833333333334 0.83703703703703702


