# Created by Octave 8.1.0, Mon Apr 03 17:23:22 2023 GMT <unknown@WLBCIOS9082700>
# name: mmp
# type: matrix
# rows: 1
# columns: 4
 -0.54583333333333328 -0.088888888888888892 0.49895833333333334 0.42685185185185187


