# Created by Octave 8.1.0, Tue Apr 11 16:22:48 2023 GMT <unknown@WLBCIOS9082700>
# name: mmp
# type: matrix
# rows: 1
# columns: 4
 -0.49583333333333335 -0.24444444444444444 0.35208333333333336 0.42592592592592593


