# Created by Octave 8.1.0, Fri Mar 31 15:34:37 2023 GMT <unknown@WLBCIOS9082700>
# name: mmp
# type: matrix
# rows: 1
# columns: 4
 0.20000000000000001 0.29259259259259257 0.49895833333333334 0.41388888888888886


