# Created by Octave 8.1.0, Wed Apr 05 15:01:53 2023 GMT <unknown@WLBCIOS9082700>
# name: mmp
# type: matrix
# rows: 1
# columns: 4
 -0.53281250000000002 -0.061111111111111109 0.49895833333333334 0.37685185185185183


