# Created by Octave 8.1.0, Fri Apr 07 15:08:20 2023 GMT <unknown@WLBCIOS9082700>
# name: mmp
# type: matrix
# rows: 1
# columns: 4
 -0.48020833333333335 -0.2361111111111111 0.35208333333333336 0.42592592592592593


