# Created by Octave 8.1.0, Mon Apr 03 16:14:14 2023 GMT <unknown@WLBCIOS9082700>
# name: mmp
# type: matrix
# rows: 1
# columns: 4
 -0.55104166666666665 -0.15925925925925927 0.49895833333333334 0.41388888888888886


