# Created by Octave 8.1.0, Tue Apr 11 12:45:20 2023 GMT <unknown@WLBCIOS9082700>
# name: mmp
# type: matrix
# rows: 1
# columns: 4
 -0.5151041666666667 -0.13703703703703704 0.35208333333333336 0.42592592592592593


