# Created by Octave 8.1.0, Thu Apr 06 16:31:36 2023 GMT <unknown@WLBCIOS9082700>
# name: mmp
# type: matrix
# rows: 1
# columns: 4
 -0.5541666666666667 -0.19907407407407407 0.49895833333333334 0.37685185185185183


