# Created by Octave 8.1.0, Thu Apr 06 17:57:52 2023 GMT <unknown@WLBCIOS9082700>
# name: mmp
# type: matrix
# rows: 1
# columns: 4
 -0.54479166666666667 -0.15925925925925927 0.49895833333333334 0.37685185185185183


