# Created by Octave 8.1.0, Tue Apr 04 16:54:23 2023 GMT <unknown@WLBCIOS9082700>
# name: mmp
# type: matrix
# rows: 1
# columns: 4
 -0.54374999999999996 -0.10648148148148148 0.49895833333333334 0.37685185185185183


