# Created by Octave 7.3.0, Mon Feb 27 15:19:37 2023 GMT <unknown@WLBCIOS9082700>
# name: U
# type: global matrix
# rows: 3
# columns: 1
 2
 0.5
 0


# name: V
# type: global matrix
# rows: 3
# columns: 1
 0
 0
 0


# name: W
# type: global matrix
# rows: 3
# columns: 1
 0
 0
 0


# name: z
# type: global matrix
# rows: 1
# columns: 3
 120 10 0


# name: rho
# type: global matrix
# rows: 1
# columns: 3
 1024 1025 1026


# name: time
# type: global matrix
# rows: 0
# columns: 0


# name: H
# type: global matrix
# rows: 4
# columns: 3
 1.04 88 0.55000000000000004
 0 0.0090000000000000011 1
 1.04 0 0
 0 1 0


# name: B
# type: global matrix
# rows: 1
# columns: 3
 433 -0.023 -1050


# name: Cd
# type: global matrix
# rows: 1
# columns: 3
 0.65000000000000002 1.3 1.3


# name: ME
# type: global matrix
# rows: 1
# columns: 3
 Inf 69000000000 Inf


# name: moorele
# type: global sq_string
# elements: 3
# length: 16
41in ORE        
# length: 16
3/8 Kevlar      
# length: 16
3 Railway Wheels


