# Created by Octave 7.3.0, Wed Mar 08 16:18:27 2023 GMT <unknown@WLBCIOS9082700>
# name: U
# type: global matrix
# rows: 0
# columns: 0


# name: V
# type: global matrix
# rows: 0
# columns: 0


# name: W
# type: global matrix
# rows: 0
# columns: 0


# name: z
# type: global matrix
# rows: 0
# columns: 0


# name: rho
# type: global matrix
# rows: 0
# columns: 0


# name: time
# type: global matrix
# rows: 0
# columns: 0


# name: H
# type: global matrix
# rows: 4
# columns: 3
 0.93999999999999995 80 0.69999999999999996
 0 0.011000000000000001 1
 0.93999999999999995 0 0
 0 1 0


# name: B
# type: global matrix
# rows: 1
# columns: 3
 300 -0.025999999999999999 -1400


# name: Cd
# type: global matrix
# rows: 1
# columns: 3
 0.65000000000000002 1.3 1.3


# name: ME
# type: global matrix
# rows: 1
# columns: 3
 Inf 69000000000 Inf


# name: moorele
# type: global sq_string
# elements: 3
# length: 16
37in ORE        
# length: 16
7/16 Kevlar     
# length: 16
4 Railway Wheels


