# Created by Octave 7.3.0, Fri Feb 24 13:09:43 2023 GMT <unknown@WLBCIOS9082700>
# name: mmp
# type: matrix
# rows: 1
# columns: 4
 0.11770833333333333 0.24907407407407409 0.5625 0.57499999999999996


