# Created by Octave 7.3.0, Tue Feb 28 17:40:23 2023 GMT <unknown@WLBCIOS9082700>
# name: mmp
# type: matrix
# rows: 1
# columns: 4
 -0.54322916666666665 -0.27777777777777779 0.52604166666666663 0.74907407407407411


