# Created by Octave 7.3.0, Sun Feb 26 17:04:36 2023 GMT <unknown@WLBCIOS9082700>
# name: mmp
# type: matrix
# rows: 1
# columns: 4
 -0.49322916666666666 -0.03888888888888889 0.31979166666666664 0.3611111111111111


