# Created by Octave 7.3.0, Mon Feb 27 21:48:46 2023 PST <paul@jaro>
# name: mmp
# type: matrix
# rows: 1
# columns: 4
 0.00067340067340067344 0.050000000000000003 0.31986531986531985 0.40773809523809523


