# Created by Octave 7.3.0, Wed Mar 01 16:00:19 2023 GMT <unknown@WLBCIOS9082700>
# name: mmp
# type: matrix
# rows: 1
# columns: 4
 0.47864583333333333 0.059259259259259262 0.49895833333333334 0.83703703703703702


