# Created by Octave 7.3.0, Tue Mar 07 13:27:47 2023 GMT <unknown@WLBCIOS9082700>
# name: mmp
# type: matrix
# rows: 1
# columns: 4
 0.017708333333333333 0.17314814814814813 0.49895833333333334 0.67314814814814816


