# Created by Octave 7.3.0, Mon Feb 27 15:28:40 2023 GMT <unknown@WLBCIOS9082700>
# name: mmp
# type: matrix
# rows: 1
# columns: 4
 -0.4296875 0.054629629629629632 0.31979166666666664 0.3611111111111111


