# Created by Octave 7.3.0, Tue Feb 28 23:54:00 2023 PST <paul@jaro>
# name: mmp
# type: matrix
# rows: 1
# columns: 4
 0.3542087542087542 0.19166666666666668 0.32188552188552189 0.59226190476190477


