# Created by Octave 7.3.0, Mon Feb 27 14:32:19 2023 GMT <unknown@WLBCIOS9082700>
# name: mmp
# type: matrix
# rows: 1
# columns: 4
 -0.40052083333333333 -0.033333333333333333 0.31979166666666664 0.3611111111111111


