# Created by Octave 7.3.0, Mon Feb 27 16:07:24 2023 GMT <unknown@WLBCIOS9082700>
# name: mmp
# type: matrix
# rows: 1
# columns: 4
 -0.42499999999999999 0.24537037037037038 0.31979166666666664 0.3611111111111111


