# Created by Octave 7.3.0, Sun Feb 26 00:46:11 2023 PST <paul@jaro>
# name: mmp
# type: matrix
# rows: 1
# columns: 4
 0.017845117845117844 0.50178571428571428 0.31986531986531985 0.36071428571428571


