# Created by Octave 7.3.0, Mon Feb 27 01:36:39 2023 PST <paul@jaro>
# name: mmp
# type: matrix
# rows: 1
# columns: 4
 0.02053872053872054 0.42202380952380952 0.31986531986531985 0.3613095238095238


