# Created by Octave 7.3.0, Mon Feb 27 13:30:14 2023 GMT <unknown@WLBCIOS9082700>
# name: mmp
# type: matrix
# rows: 1
# columns: 4
 -0.44791666666666669 0.38796296296296295 0.31979166666666664 0.32962962962962961


